   1.5758984e-02
  -9.4128157e-03
   3.7405489e-03
  -4.9075247e-04
   1.3699340e-02
   9.1759858e-03
  -1.5240630e-03
  -1.6857143e-02
   1.1252435e-02
  -1.9359301e-03
   4.0412758e-03
   1.0220689e-02
   1.4767633e-02
   8.3396135e-03
  -1.1333892e-02
  -3.3012167e-03
   1.5245754e-02
   1.4595786e-02
  -3.1414317e-03
   1.3781634e-02
  -1.5478184e-02
  -5.1510730e-03
   1.0963930e-02
  -1.7159710e-02
  -1.2642397e-02
  -1.0406162e-02
  -1.0547724e-02
   3.6337651e-03
  -7.9756796e-03
  -1.0544485e-02
  -1.6970215e-02
   8.6399436e-03
  -1.9221688e-03
   1.5117788e-02
  -1.1905349e-03
  -2.8480746e-03
   1.2121180e-02
   8.8058656e-04
  -1.0410288e-02
   6.0265168e-03
   1.1837495e-02
