   9.5012929e-01
   2.3113851e-01
   6.0684258e-01
   4.8598247e-01
   8.9129897e-01
   7.6209683e-01
   4.5646767e-01
   1.8503643e-02
   8.2140716e-01
   4.4470336e-01
   6.1543235e-01
   7.9193704e-01
   9.2181297e-01
   7.3820725e-01
   1.7626614e-01
   4.0570621e-01
   9.3546970e-01
   9.1690444e-01
   4.1027021e-01
   8.9364953e-01
   5.7891305e-02
   3.5286813e-01
   8.1316650e-01
   9.8613007e-03
   1.3889088e-01
   2.0276522e-01
   1.9872174e-01
   6.0379248e-01
   2.7218792e-01
   1.9881427e-01
   1.5273927e-02
   7.4678568e-01
   4.4509643e-01
   9.3181458e-01
   4.6599434e-01
   4.1864947e-01
   8.4622142e-01
   5.2515250e-01
   2.0264736e-01
   6.7213747e-01
   8.3811845e-01
