0 367.817596436
1 341.543350208
2 311.410646384
3 281.22496499
4 253.395222313
5 231.093916499
6 216.438910489
7 209.57452575
8 209.056857927
9 214.244032681
10 221.917022172
11 231.444355646
12 243.761694994
13 255.070987292
14 263.845854404
15 270.517522736
16 275.657512769
17 279.003406625
18 284.430526809
19 292.747962592
20 303.643285754
21 314.666042554
22 324.231027739
23 326.977081017
24 319.156874669
25 302.386289649
26 282.863548661
27 261.850852771
28 239.384728859
29 213.71286217
30 182.861732661
31 146.76955001
32 109.319774979
33 74.7577935063
34 44.3378750643
35 15.6393542509
36 -12.6303161871
37 -36.9103237684
38 -55.5842956593
39 -67.9335049826
40 -74.6096005697
41 -79.4018520398
42 -80.9375685988
43 -80.2653201313
44 -75.4731379284
45 -68.2208710455
46 -63.1861418037
47 -89.634176683
48 -129.111062516
49 -172.34377151
50 -217.913634327
51 -265.051998373
52 -322.366900559
53 -379.356795515
54 -428.915960691
55 -469.152797129
56 -497.394163523
57 -511.640580345
58 -506.915397958
59 -478.973228541
60 -442.010147693
61 -397.921936695
62 -349.109959583
63 -298.215242225
64 -247.870919655
65 -200.324983277
66 -156.793822792
67 -121.01015993
68 -97.1523153487
69 -81.0343356956
70 -68.2861848756
71 -58.354451593
72 -50.8497921702
73 -45.0688388963
74 -35.3104825489
75 -19.6519287484
76 -2.90042974845
77 15.1877451952
78 34.0032486213
79 53.8924690881
80 73.6557875627
81 90.9076805823
82 103.803410264
83 111.810386796
84 114.695371966
85 112.734116814
86 104.105773611
87 86.7308979082
88 66.9097323275
89 47.4068375735
90 30.6679106224
91 18.0268442127
92 11.0198563149
93 10.2386602394
94 16.6173314528
95 29.9392671498
96 50.5107740833
97 78.0876269777
98 114.689202659
99 157.273183075
100 203.102186077
101 249.52671513
102 290.291521511
103 306.423640006
104 295.644122387
105 264.496960659
106 218.028733779
107 160.234096761
108 93.3098290395
109 23.342734671
110 -40.0185190261
111 -102.794058113
112 -162.020335239
113 -217.576679412
114 -238.739316858
115 -251.821066255
116 -257.804611277
117 -257.43924857
118 -248.932239232
119 -230.183750495
120 -200.488207726
121 -164.980924483
122 -131.83590067
123 -103.493002602
124 -80.1822627402
125 -59.1467472011
126 -39.0441340637
127 -21.2916007141
128 -5.44753686809
129 9.05168423764
130 24.373692227
131 40.9842191009
132 57.7765535979
133 74.1452833531
134 89.4703323487
135 103.241694042
136 115.732836989
137 126.743598171
138 137.001812952
139 146.524530567
140 155.407616317
141 163.204403816
142 169.652911689
143 174.754994381
144 178.556812197
145 180.526873181
146 179.755520442
147 175.767792651
148 168.391532503
149 156.004360815
150 139.587908736
151 119.64680914
152 96.2339586265
153 69.095460101
154 38.775276447
155 6.34522163944
156 -26.8750487111
157 -59.2626004023
158 -89.2357020533
159 -115.762669672
160 -134.719867775
161 -143.295726105
162 -147.21953805
163 -147.011341676
164 -143.78350582
165 -138.123951754
166 -131.073857814
167 -122.940064788
168 -114.091150625
169 -104.823083716
170 -95.1447865089
171 -85.3810634795
172 -75.7852598194
173 -66.7430041218
174 -58.4419670367
175 -50.9819112366
176 -44.7313834918
177 -39.6461358329
178 -35.6308728632
179 -32.6959679477
180 -30.7710373343
181 -29.5387754284
182 -29.1835120706
183 -30.0496494267
184 -32.1805445576
185 -35.6768517195
186 -40.4021988394
187 -45.476210318
188 -48.7001355627
189 -50.0398213569
190 -49.1573459477
191 -46.6184157808
192 -42.6209444079
193 -36.7424473416
194 -29.5799825381
195 -21.210442849
196 -12.6761517752
197 -5.21164176327
198 0.779705625918
199 5.98525715028
200 11.1807622965
201 16.2528548532
202 20.7064353574
203 24.2173629087
204 26.5421084899
205 27.8602632978
206 28.4097442558
207 28.2052509442
208 27.0489783884
209 24.9070591978
210 21.984315242
211 18.3924602807
212 14.3165489005
213 9.94834844744
214 5.26658627956
215 0.193146550883
216 -5.29083728581
217 -10.8849647462
218 -15.9504274102
219 -18.8709541292
220 -17.5486201384
221 -13.0166651
222 -5.24981500226
223 6.9083422827
224 25.1514785019
225 49.6228580571
226 74.7552263748
227 94.2557417956
228 108.369477169
229 120.021342299
230 126.891918468
231 132.459669275
232 140.140817601
233 155.409390865
234 178.807777369
235 207.833400523
236 239.732377938
237 274.207012353
238 313.691207779
239 359.991773213
240 414.206345263
241 478.003408812
242 551.901710807
243 645.932078501
244 756.103490173
245 869.529233394
246 982.738283669
247 1092.67348271
248 1189.18342965
249 1264.84957192
250 1320.57057638
251 1355.71224422
252 1372.13654521
253 1368.01046927
254 1341.27327858
255 1277.51339557
256 1200.66924162
257 1112.84865104
258 1018.22163608
259 914.011915275
260 810.076161754
261 709.99160642
262 615.390832266
263 526.815873851
264 445.181594195
265 374.492958622
266 313.944936301
267 258.696006045
268 207.240960513
269 159.759049327
270 119.056537961
271 86.1670948339
272 59.6153443476
273 40.1436529575
274 27.7312733601
275 9.33821335758
276 -18.2094001978
277 -46.5404121433
278 -76.6218095755
279 -112.487262208
280 -164.425417681
281 -223.795227251
282 -252.687307263
283 -264.823791124
284 -261.855665342
285 -246.480518413
286 -219.055275973
287 -173.159712251
288 -126.001706176
289 -81.771037815
290 -42.6631201039
291 -17.7414858464
292 -8.04875394097
293 -6.3569135837
294 -4.87824879992
295 -2.34104794113
296 0.108389927871
297 0.313278900163
298 -11.8642791698
299 -26.5239952806
300 -38.901043927
301 -48.9356046091
302 -55.8859537636
303 -58.7846305277
304 -55.9289984727
305 -47.4243484496
306 -32.5137090432
307 -10.8344764665
308 17.8618131401
309 52.7594249299
310 94.9439482808
311 147.090640966
312 210.210850079
313 277.89056479
314 327.433977575
315 377.495940451
316 424.772206948
317 469.858265019
318 488.862408481
319 465.155207157
320 420.690134636
321 364.885873942
322 301.101478843
323 232.660141506
324 165.552714317
325 125.902259633
326 128.214313098
327 156.105429745
328 193.024490257
329 231.399009296
330 265.806395055
331 291.000697617
332 304.183583748
333 306.528304136
334 302.559203198
335 296.062060141
336 290.7628113
337 288.017708172
338 288.219084167
339 289.619027942
340 292.207286961
341 295.863196537
342 303.993344426
343 313.401318638
344 321.52426346
345 328.502725111
346 336.934396974
347 374.527056116
348 428.738265733
349 492.470276689
350 554.959832804
351 610.430846904
352 656.559714865
353 676.044735097
354 672.514978321
355 661.747625529
356 648.613801821
357 643.090149399
358 654.002893447
359 683.480840237
360 738.548038262
361 820.301032249
362 929.568068962
363 1045.81255298
364 1133.67424296
365 1190.7349837
366 1213.60321802
367 1203.07019132
368 1169.40261572
369 1134.50297783
370 1095.74795207
371 1044.75105213
372 965.49281053
373 858.60634103
374 695.067377738
375 542.085476849
376 416.897456021
377 326.735933862
378 275.974276782
379 269.873404288
380 276.970342808
381 285.294469016
382 297.079318854
383 309.639698076
384 319.529956453
385 313.776245607
386 299.27161181
387 280.68550781
388 257.75094419
389 232.172349187
390 197.142853183
391 168.477005371
392 156.021749518
393 161.911161522
394 183.009780152
395 212.313847194
396 244.430923904
397 282.269846368
398 331.214751609
399 390.649753459
400 460.530047698
401 554.387642206
402 669.841484803
403 791.40411107
404 912.955079319
405 1003.19671693
406 1020.42565698
407 1020.73392376
408 995.629497313
409 939.738573156
410 786.675416792
411 546.082635794
412 364.643774157
413 257.656960327
414 200.166552328
415 197.965390377
416 256.751182188
417 394.897191697
418 562.611311352
419 732.801277774
420 881.614141832
421 972.022841787
422 873.675352962
423 730.339230168
424 555.617189199
425 369.477609551
426 208.13754168
427 107.305244556
427.944825377 66.8441085815
